py234604
325000414
325000466
325000908
325004399
325006588
325010504
325010604
325010968
325011200
325011204
325011277
325012221
325014994
325019368
325022539
325024969
325026286
325030576
325030591
325034939
325036436
325037586
325040471
325044420
325050697
325050803
325053179
325057639
325060968
325061080
325068906
325075168
325079488
325080495
325080600
325081779
325082799
325083336
325085439
325085969
325088539
325088860
325089739
325090204
325090297
325091391
325091579
325095039
325099920
325104139
325110780
325111301
325111810
325112799
325114588
325114939
325118566
325123086
325126579
325126586
325130339
325130484
325130497
325130902
325131114
325132839
325133179
325134239
325136239
325140193
325140579
325140739
325141006
325142079
325145266
325148639
325149168
325150139
325150266
325157339
325159188
325160291
325160689
325161282
325167007
325168239
325170698
325177966
325180486
325181270
325181972
325182079
325185550
325185739
325190539
325196234
325197186
325200178
325200387
325200973
325202739
325202788
325203568
325205839
325207239
325208786
325210005
325210507
325211287
325211679
325212838
325212969
325213439
325214486
325218179
325218286
325220280
325224088
325224388
325225486
325230023
325230180
325231423
325235839
325236179
325237886
325240479
325242245
325243331
325244462
325244788
325247771
325250421
325254886
325256439
325270893
325271090
325271239
325276168
325281190
325288853
325290288
325291591
325293166
325297186
325297689
325300782
325301094
325304479
325304788
325304878
325306345
325307139
325307168
325310168
325310172
325310489
325310990
325311170
325314386
325314979
325315739
325316783
325328239
325329288
325330568
325334979
325335266
325335563
325336006
325340286
325342386
325344886
325350001
325350439
325350969
325351586
325354689
325360866
325363613
325364224
325366781
325371568
325373775
325376788
325377168
325380079
325380379
325385488
325389079
325389179
325394768
325397586
325399984
325400086
325400179
325400286
325400440
325400639
325400886
325401030
325401117
325401679
325401975
325401984
325402227
325402799
325402879
325403539
325403699
325404031
325404240
325404441
325404804
325404866
325405605
325405886
325406139
325406779
325406799
325407086
325407279
325407447
325407599
325407768
325407968
325408808
325408839
325410139
325410388
325410444
325410866
325410868
325411086
325411235
325411366
325411879
325412662
325413179
325413186
325413223
325413337
325413878
325414114
325414150
325414688
325414799
325415199
325416079
325416168
325416234
325416279
325416286
325416388
325417188
325417288
325417366
325418239
325418979
325418986
325419241
325419568
325419689
325420579
325420660
325420878
325421366
325421399
325422042
325422642
325423266
325423331
325423379
325423539
325423642
325423886
325423993
325424066
325424079
325424218
325424236
325424279
325424283
325424889
325425339
325426878
325427007
325427566
325427942
325427988
325428679
325428942
325428998
325430186
325430268
325430567
325430838
325431113
325431551
325431566
325431743
325432866
325433168
325433326
325433356
325433443
325433639
325434048
325434139
325434331
325434543
325434839
325435399
325435689
325436266
325436288
325436539
325436878
325437268
325437688
325437786
325437966
325438039
325438186
325438288
325440139
325440199
325440686
325440688
325440739
325440868
325440886
325441286
325441366
325442669
325442739
325442942
325443099
325443188
325443331
325443453
325443486
325443586
325443644
325444969
325445399
325445739
325446785
325447286
325447568
325447772
325448234
325448368
325448679
325448885
325448944
325449179
325449439
325449686
325449799
325450368
325450479
325450539
325450686
325451745
325451968
325452008
325452013
325452699
325452939
325453332
325453454
325453568
325453788
325454344
325454534
325454768
325454788
325454799
325454878
325454986
325455445
325455573
325456006
325456839
325457086
325457286
325457388
325457986
325458166
325458766
325459239
325459386
325459939
325459986
325460339
325460379
325461001
325461139
325461388
325461566
325461579
325461968
325462017
325462046
325462086
325462616
325462889
325462986
325464448
325464623
325464653
325464664
325464879
325465088
325465689
325466039
325466602
325466653
325466671
325466681
325466684
325466988
325467188
325467486
325467986
325468039
325468179
325468788
325469986
325469995
325470570
325470688
325470779
325470988
325471099
325471179
325471439
325471539
325471639
325471686
325472086
325472568
325472968
325473199
325473286
325473663
325473673
325473866
325474199
325474234
325474448
325474702
325474843
325475947
325475969
325476168
325477337
325477714
325477728
325477740
325477988
325478268
325478448
325478689
325479239
325479339
325479588
325480079
325480188
325480770
325480968
325481689
325482339
325482366
325483234
325483345
325483689
325484068
325484184
325484266
325484822
325484884
325485088
325485335
325485366
325485669
325485671
325485768
325485775
325485838
325486539
325486579
325486588
325486939
325487499
325487579
325488166
325488348
325488895
325489279
325490299
325490444
325490689
325490880
325490966
325491039
325491551
325492013
325492179
325492399
325492989
325493149
325493186
325493668
325494668
325494866
325494904
325495488
325495568
325495866
325496000
325496179
325496986
325497386
325497486
325497668
325497669
325497688
325497839
325498579
325499068
325499386
325499889
325499902
325500766
325501839
325502099
325502986
325503299
325505083
325505479
325507234
325507772
325513458
325515079
325517339
325517773
325521117
325521939
325522276
325522788
325524446
325526388
325534679
325534739
325536153
325541968
325542986
325546654
325547444
325554788
325557368
325574445
325575468
325576368
325579768
325580286
325580330
325584339
325584968
325584979
325586279
325586639
325587179
325590368
325590866
325590889
325591288
325596499
325598068
325601439
325602228
325602739
325602786
325603139
325603689
325606179
325608279
325608599
325609188
325619361
325623332
325624588
325624799
325628186
325630479
325630568
325630786
325632539
325632689
325632799
325635766
325637234
325637539
325640005
325641116
325642886
325643588
325647539
325648068
325650186
325654166
325655517
325659009
325662989
325667488
325670539
325672112
325675368
325676588
325680188
325683179
325685839
325689186
325690004
325690579
325696984
325697199
325699930
325703168
325703188
325703803
325706366
325706787
325707168
325708939
325710168
325711235
325712699
325713266
325714345
325719586
325720386
325721238
325723773
325726088
325726266
325729288
325735068
325741551
325744468
325750166
325755515
325755587
325760988
325762199
325763113
325763568
325765550
325772186
325774266
325775488
325776797
325777120
325777650
325778008
325782234
325785551
325787836
325787870
325787873
325788826
325788841
325788969
325793093
325798466
325808037
325809486
325813998
325815739
325816086
325816239
325821239
325821661
325822858
325826182
325826279
325827299
325830179
325831444
325833853
325835099
325842225
325842599
325844654
325846188
325847299
325847345
325850839
325852866
325855571
325857179
325857839
325859699
325860039
325860186
325860239
325862878
325864561
325868385
325868664
325875368
325877368
325877767
325878786
325882066
325885379
325888124
325888153
325890386
325894468
325895005
325896039
325896239
325898914
325900039
325901101
325901279
325902068
325903866
325907279
325909011
325913088
325917339
325917388
325920168
325922274
325924166
325924899
325925675
325928008
325928788
325930639
325932039
325936479
325936739
325940168
325941980
325945468
325946279
325947968
325948186
325950199
325953588
325955386
325959583
325960626
325962188
325962552
325967626
325969086
325970439
325970839
325971984
325972221
325973179
325974441
325975799
325982699
325987279
325988068
325989768
325995673
326001973
326003179
326003499
326005486
326010006
326012739
326014414
326015715
326017088
326017166
326017699
326018279
326020198
326020238
326020905
326022079
326024566
326033439
326034199
326035339
326038466
326039803
326040598
326040968
326041281
326053279
326055541
326058279
326061939
326062486
326064989
326070674
326071070
326071271
326071588
326072786
326073099
326076968
326081105
326083679
326090610
326091016
326093003
326094078
326099961
326100418
326100795
326100885
326100894
326100939
326101114
326101183
326101279
326101410
326102332
326102442
326102779
326103010
326103086
326103210
326103879
326103968
326104010
326104239
326104539
326104739
326104799
326104868
326104994
326105986
326106486
326106838
326107266
326107968
326107969
326108399
326109239
326109993
326110039
326110196
326110239
326110379
326110483
326110500
326110775
326110883
326110903
326110973
326111095
326111245
326111327
326111430
326111596
326111792
326112639
326113586
326113623
326113799
326114286
326114299
326114766
326115239
326115711
326116039
326116929
326117199
326117586
326118499
326119388
326120107
326120315
326120319
326120321
326120578
326120714
326120804
326120893
326120900
326120910
326120994
326121076
326121183
326121411
326121599
326121812
326122442
326124039
326124186
326124266
326124449
326125986
326127279
326127379
326128679
326128986
326129539
326130109
326130407
326130474
326130571
326130712
326130839
326131279
326131739
326131916
326132066
326132221
326132224
326132499
326132986
326133354
326133391
326133488
326133586
326134379
326134588
326135166
326135479
326135713
326136799
326137188
326137466
326137679
326137772
326137786
326138088
326139383
326140007
326140008
326140339
326140382
326140411
326140500
326140591
326140877
326141001
326141086
326141179
326141233
326141412
326141441
326141814
326142279
326143450
326143739
326144266
326144428
326144799
326145786
326146046
326146068
326146579
326146739
326146878
326147068
326147239
326147368
326148079
326149386
326149699
326150100
326150102
326150171
326150178
326150385
326150476
326150576
326150705
326150779
326150784
326150994
326151237
326151561
326151768
326151978
326152215
326152349
326152452
326152799
326153086
326153268
326153279
326153786
326154299
326155504
326156279
326156956
326158088
326159639
326159915
326160007
326160207
326160210
326160215
326160221
326160295
326160394
326160401
326160486
326160579
326160611
326160739
326160794
326160839
326160890
326161076
326161280
326162816
326163068
326163086
326163439
326164579
326164788
326165839
326165929
326166179
326166631
326166640
326166642
326167339
326167516
326167739
326169066
326170274
326170395
326170411
326170422
326170477
326170483
326170488
326170780
326170894
326170982
326171008
326171075
326171087
326171116
326171182
326171744
326171767
326171939
326172068
326172139
326172346
326172986
326174117
326174699
326175115
326175139
326175979
326177337
326177486
326177707
326177793
326178117
326178186
326178286
326180166
326180178
326180220
326180420
326180689
326180694
326180939
326180972
326181001
326181004
326181788
326181872
326181895
326181897
326182286
326182456
326182588
326184479
326184679
326184799
326184969
326185558
326185739
326185879
326186665
326187699
326187771
326188099
326189266
326189539
326189639
326189718
326190004
326190176
326190409
326190584
326190586
326190706
326190916
326191070
326191182
326191276
326191294
326191739
326191954
326192220
326193166
326194266
326194689
326194884
326195079
326195166
326195219
326195399
326195768
326195939
326196019
326196339
326197239
326197399
326197568
326198479
326198819
326199319
326199539
326200174
326200305
326200339
326200381
326200704
326200780
326200881
326201139
326201215
326201293
326201551
326201771
326202038
326202064
326202466
326202699
326202878
326203379
326203566
326204579
326204688
326204774
326205539
326206838
326206989
326207186
326207486
326207886
326207966
326208186
326208799
326208920
326209039
326209379
326209669
326210021
326210180
326210184
326210413
326210470
326210515
326210591
326210614
326210700
326211586
326212144
326212182
326212679
326213286
326213335
326213457
326213521
326213989
326214779
326214786
326214884
326216179
326216466
326216579
326216739
326217617
326217739
326217821
326218079
326218448
326218779
326218839
326219386
326219739
326220211
326220273
326220395
326220396
326220474
326220483
326220693
326220806
326220884
326221002
326221086
326221107
326221566
326222185
326222312
326222631
326223454
326223539
326223766
326224079
326224566
326224879
326225099
326225399
326225422
326226439
326227770
326227822
326227827
326230001
326230124
326230188
326230278
326230302
326230579
326230677
326230701
326230703
326230885
326231085
326231092
326231174
326231276
326231439
326231441
326231739
326232086
326232786
326234224
326235086
326235368
326236566
326236660
326237223
326237386
326237679
326237838
326238488
326240124
326240179
326240277
326240286
326240294
326240312
326240390
326240485
326240575
326240814
326240868
326240879
326240900
326240911
326241019
326241039
326241211
326241278
326241286
326241488
326241686
326243324
326243568
326244491
326244669
326244689
326244788
326245124
326245886
326246039
326246768
326247639
326247997
326248124
326248186
326248766
326249009
326250005
326250377
326250407
326250608
326250610
326250686
326250703
326250792
326250795
326250879
326250906
326251004
326251105
326251232
326251275
326251499
326251599
326252386
326252499
326253336
326253379
326253768
326253788
326254068
326254224
326254568
326254588
326254979
326255399
326256839
326257007
326257368
326257486
326259539
326259886
326260195
326260197
326260239
326260394
326260488
326260574
326260594
326260600
326260674
326260716
326260780
326260782
326260869
326261190
326261280
326262766
326264068
326264199
326264326
326264639
326265839
326266605
326266649
326267039
326267126
326269486
326269769
326270189
326270308
326270403
326270469
326270579
326270706
326270717
326270824
326270970
326270975
326270977
326270993
326271106
326271292
326271296
326271588
326271939
326272388
326272756
326272986
326272989
326273179
326273268
326273679
326274188
326274345
326274439
326274699
326275327
326275388
326276166
326276667
326278338
326278539
326280201
326280203
326280223
326280392
326280414
326280510
326280539
326280586
326280724
326280805
326280984
326280996
326281079
326281178
326281366
326281444
326281779
326282139
326284184
326284366
326284699
326285012
326285086
326286139
326286439
326287739
326287770
326288579
326288863
326288890
326288892
326289366
326289528
326289768
326290181
326290280
326290281
326290306
326290316
326290324
326290375
326290415
326290477
326290881
326290900
326291023
326293199
326294068
326294379
326294441
326294799
326295099
326295788
326295879
326297286
326297466
326297479
326297497
326297889
326298279
326299941
326300106
326300210
326300795
326301468
326302830
326303168
326307886
326308588
326309568
326310002
326310106
326310506
326313532
326314368
326315775
326318499
326323251
326331117
326333587
326334634
326341001
326342669
326343663
326344419
326345739
326347079
326347466
326348439
326350788
326354442
326357439
326358786
326363439
326363539
326363649
326368099
326371974
326372444
326372899
326375388
326378118
326381499
326384989
326385266
326385299
326386446
326391788
326398166
326400899
326404004
326405115
326405286
326407386
326408168
326409299
326409339
326409388
326409540
326414113
326414344
326415689
326419866
326422166
326422386
326423068
326425554
326430110
326434440
326435186
326436939
326437486
326438068
326440399
326442386
326442786
326442879
326443499
326453779
326454188
326454581
326454968
326458199
326460168
326467786
326468186
326470990
326474588
326476588
326476639
326481115
326481331
326482068
326482223
326489068
326495449
326500339
326503899
326504039
326505094
326505179
326508468
326509739
326514234
326515162
326516660
326522018
326522260
326527466
326530379
326530979
326531119
326531977
326532979
326539991
326549559
326550439
326554579
326560599
326560969
326568008
326568739
326570968
326570969
326572022
326572557
326574379
326574874
326577399
326580179
326581186
326582279
326584688
326585479
326587468
326587679
326591286
326593739
326594579
326598118
326599902
326599908
326606052
326609109
326609992
326610386
326610639
326611001
326611182
326616137
326617639
326622039
326622210
326623443
326624386
326624886
326625168
326627739
326630079
326630179
326630786
326632136
326632279
326632563
326632579
326633352
326634624
326635068
326640068
326641977
326642444
326645979
326648488
326650579
326651183
326652799
326653386
326654286
326657679
326658958
326660786
326665379
326669488
326675225
326675639
326676765
326684399
326684739
326685879
326696006
326701110
326701266
326701279
326701370
326701679
326702123
326702799
326702988
326703139
326703288
326703439
326703766
326703786
326705199
326705554
326705899
326706266
326706479
326706661
326706784
326707199
326707447
326707586
326708099
326708228
326708239
326708448
326709139
326709168
326709570
326709579
326709768
326710002
326710139
326710186
326710234
326710880
326710986
326711193
326711439
326711679
326712239
326712386
326713171
326713699
326714443
326714445
326714479
326714939
326714969
326716799
326717599
326718539
326718671
326719168
326719268
326719968
326720068
326720139
326720686
326720786
326720878
326721088
326721441
326721479
326721551
326721568
326722588
326724088
326724979
326725039
326725115
326725386
326725899
326726399
326728118
326728239
326728279
326729079
326729168
326729199
326729239
326729286
326729366
326729579
326730002
326730168
326730488
326730979
326731339
326732353
326732539
326732979
326733385
326734086
326734179
326735568
326736236
326736388
326736968
326737325
326738179
326738288
326738468
326738773
326738873
326739088
326739188
326739466
326740140
326740579
326740788
326741118
326741479
326741838
326742174
326742349
326742579
326742838
326742882
326744339
326744374
326744489
326744768
326745388
326745474
326746679
326746786
326746989
326747188
326747199
326747366
326747413
326748188
326748345
326748568
326749139
326749199
326749488
326749639
326750079
326750139
326750588
326750968
326750988
326751151
326751984
326752579
326753068
326753179
326753188
326754079
326754286
326755506
326755565
326756068
326756079
326756086
326756175
326756339
326756986
326757117
326757514
326757773
326758179
326758388
326758499
326759268
326759479
326760039
326760279
326761068
326761539
326761568
326762086
326762139
326762332
326762386
326762866
326762889
326763223
326763466
326763476
326764279
326764366
326764774
326765539
326765775
326765929
326766006
326766139
326766239
326766279
326766479
326766624
326766625
326766642
326766654
326766876
326767186
326768448
326769286
326769586
326769668
326770286
326770388
326770799
326771268
326771286
326771786
326771899
326772186
326772239
326772472
326773079
326773179
326773599
326774334
326774441
326774878
326775345
326776166
326776179
326776968
326777033
326777098
326777350
326777441
326777462
326777624
326777872
326778139
326778884
326779386
326780179
326780399
326780939
326781079
326781181
326781388
326781579
326781689
326781879
326782079
326782099
326782339
326782386
326782499
326783330
326784379
326784448
326784768
326784966
326785199
326785699
326785968
326786664
326787337
326787774
326787814
326787846
326787897
326788824
326788831
326790579
326790686
326790739
326791288
326791339
326791878
326791978
326792139
326792662
326792689
326792889
326792968
326793093
326794068
326794099
326794279
326794345
326794839
326794899
326795339
326795969
326796088
326796639
326797913
326797949
326797982
326798239
326798399
326798766
326799229
326799903
326802019
326803479
326804379
326807339
326808566
326810003
326814554
326815335
326817186
326817786
326819586
326820420
326821539
326821799
326823766
326827166
326830339
326831239
326831771
326832679
326834379
326835739
326836479
326838340
326841179
326841978
326844086
326846454
326848179
326848680
326853966
326854486
326854838
326857357
326857770
326859639
326871699
326878578
326878723
326879788
326885266
326888275
326888941
326894268
326894288
326898974
326899239
326899439
326900042
326900070
326900078
326900080
326900539
326900590
326901839
326902227
326902739
326903468
326903639
326903986
326904066
326904104
326904239
326904568
326904986
326905115
326905979
326906186
326906226
326906776
326906786
326907199
326907268
326907579
326908368
326908839
326909439
326910410
326910468
326910879
326911134
326911679
326911881
326912186
326912768
326913039
326913188
326914181
326914599
326914779
326914838
326914979
326915068
326915168
326915186
326915552
326915838
326915979
326915988
326915989
326916779
326916968
326917139
326917168
326917386
326917739
326917986
326917988
326918039
326918786
326919140
326920366
326920779
326920886
326921221
326922068
326922086
326922207
326922332
326922442
326922499
326922579
326923168
326923186
326923286
326923588
326923866
326924168
326924539
326924588
326924692
326924886
326925188
326925444
326925768
326925839
326925968
326925986
326926039
326926239
326926660
326927079
326927786
326927988
326928028
326928128
326928168
326928786
326929179
326930001
326930110
326930168
326930234
326930379
326930566
326930786
326931001
326932339
326932386
326933378
326934239
326934388
326934440
326934889
326935005
326935099
326935123
326935239
326935439
326935586
326935779
326936179
326936379
326936785
326937499
326937586
326937839
326938566
326938879
326939009
326939566
326940001
326940079
326940240
326940286
326940866
326940990
326942199
326942779
326943086
326943199
326943486
326943488
326944402
326944423
326944459
326944496
326944774
326944899
326945379
326945466
326945499
326945886
326946086
326946194
326946386
326946839
326946939
326947139
326947179
326947266
326948679
326948939
326949168
326949402
326949496
326950839
326950899
326951068
326951251
326951973
326952225
326952339
326952539
326952699
326952799
326952986
326953568
326955005
326955239
326955299
326955838
326955839
326956139
326956286
326957068
326957288
326957468
326957566
326957599
326957639
326958099
326958379
326958488
326958786
326959239
326959502
326959506
326959536
326959679
326960008
326960186
326960440
326960768
326961479
326961639
326961786
326961974
326962186
326962379
326962499
326962879
326963066
326963179
326963337
326963679
326964123
326964379
326964442
326964786
326965139
326965596
326966479
326966604
326967086
326967139
326968739
326969644
326970286
326970499
326970799
326971386
326971739
326973179
326973386
326974139
326974379
326974388
326974988
326975005
326975099
326975139
326975444
326976079
326976123
326976379
326976664
326976839
326977697
326977745
326977783
326977786
326978568
326978766
326978882
326980699
326980939
326981381
326981771
326982179
326982224
326982786
326983039
326983186
326983879
326983969
326984439
326984699
326985099
326985279
326985339
326985386
326986279
326987687
326987689
326987838
326988804
326988835
326988849
326988861
326989679
326989834
326989853
326989857
326989884
326990368
326991539
326991691
326991768
326992068
326992486
326993566
326993788
326994224
326994379
326994441
326994447
326994486
326994539
326994766
326995554
326997068
326997297
326997566
326998798
326999004
326999071
326999242
326999278
326999302
326999334
326999429
326999709
326999725
327002432
327006700
327008186
327010612
327010702
327011566
327011879
327014586
327016368
327017774
327018968
327021106
327024639
327027568
327029686
327039119
327039266
327040205
327040210
327040686
327041039
327041686
327041939
327042439
327042639
327046639
327050175
327050286
327050378
327054447
327055539
327065199
327065266
327077166
327080114
327080139
327080392
327080802
327083139
327085939
327089739
327090234
327090507
327090928
327091280
327095559
327095878
327100376
327103768
327106739
327109466
327110473
327112886
327113334
327118799
327124179
327124279
327127912
327128379
327130209
327130981
327132699
327138399
327141003
327142969
327144459
327150791
327151506
327154786
327156663
327158279
327160613
327161114
327166659
327170675
327172386
327173039
327174786
327174879
327176662
327180911
327181543
327182979
327183334
327183453
327188539
327190311
327191007
327191207
327195179
327195886
327197499
327200104
327200881
327202879
327208408
327210345
327210497
327210613
327210895
327210976
327212466
327213889
327215879
327216779
327221213
327230468
327230583
327231079
327231117
327232579
327233079
327234078
327235486
327237468
327242499
327244372
327244436
327244569
327248424
327253768
327253866
327254086
327256756
327257669
327260109
327260392
327260399
327263239
327264064
327270481
327275839
327280279
327280366
327280782
327283599
327284779
327286446
327290302
327300875
327301179
327304279
327307068
327309288
327309997
327310539
327310799
327310974
327311068
327311146
327311679
327313788
327316488
327317739
327319639
327322199
327330288
327330699
327331933
327333796
327334839
327337386
327338479
327340879
327345885
327348288
327350186
327360079
327362762
327370270
327370488
327372068
327374668
327376166
327378239
327380440
327381689
327382079
327383855
327392079
327392986
327393093
327393272
327393321
327394099
327394334
327394440
327395766
327401771
327402579
327409309
327409879
327411139
327411288
327423453
327423663
327426639
327427568
327432788
327433307
327435279
327436556
327436939
327437068
327438699
327440669
327442039
327446368
327449749
327452066
327455145
327457772
327461786
327462139
327464946
327465366
327465379
327466279
327466386
327472179
327474699
327475879
327477736
327478378
327480266
327480968
327482139
327484039
327484579
327484968
327485468
327486986
327488816
327491939
327492579
327495779
327497539
327500071
327500266
327500901
327501079
327501388
327501679
327501766
327503350
327506039
327507188
327507307
327508939
327509188
327511699
327519139
327519886
327523739
327525125
327529379
327534353
327534886
327536783
327543879
327546667
327547947
327555490
327556766
327557688
327558088
327559788
327564446
327575586
327575746
327578379
327583379
327583488
327583553
327586479
327590168
327591119
327591221
327592368
327595053
327596588
327596899
327597557
327598884
327599159
327599901
327601179
327601679
327601689
327607260
327608099
327608239
327609468
327609799
327610179
327611143
327611388
327612779
327616239
327617968
327621068
327621639
327622339
327626116
327627386
327629879
327630788
327632739
327636371
327645388
327649086
327650488
327656537
327656541
327656599
327657775
327659588
327662225
327662579
327666874
327670439
327672689
327675075
327677792
327682382
327685539
327687179
327688299
327688871
327692786
327694334
327698166
327699188
327699279
327699905
327700330
327700379
327700968
327701117
327701279
327701466
327701661
327701686
327701971
327702179
327702199
327702286
327702899
327703022
327703039
327703879
327704204
327704279
327704599
327704699
327705270
327706339
327706486
327706667
327706989
327707084
327707388
327707886
327708168
327708486
327709588
327710007
327710239
327710379
327710783
327711441
327712212
327712339
327712552
327712879
327712986
327713234
327713299
327713337
327713679
327713998
327714440
327714768
327715968
327716068
327716539
327716586
327716771
327717108
327717239
327718339
327718444
327718488
327720339
327720679
327720724
327720986
327721388
327721679
327721939
327722218
327723989
327724237
327724439
327724472
327725399
327725788
327725799
327727287
327728368
327728479
327729929
327730179
327730768
327730979
327731268
327731288
327731568
327731970
327733392
327734299
327734554
327735279
327735673
327735886
327735968
327735979
327736179
327736263
327736399
327736788
327736889
327737239
327737286
327737380
327738499
327740008
327740168
327740279
327741079
327741123
327741232
327742568
327742599
327742689
327742786
327743274
327743969
327744244
327744408
327744474
327744739
327744968
327744989
327745188
327745268
327745368
327745479
327745879
327746663
327747139
327747186
327747441
327747539
327748479
327748558
327750139
327750368
327750486
327750539
327750566
327751005
327751186
327751535
327751586
327751866
327751886
327752966
327753239
327753334
327753523
327753788
327753799
327753966
327754939
327755068
327755468
327755689
327756039
327756168
327756188
327756234
327756266
327756675
327757239
327758075
327758887
327758986
327759088
327760360
327760786
327761179
327761239
327761768
327761984
327762088
327762099
327762186
327762386
327762444
327763199
327763335
327763786
327763879
327764039
327764588
327764689
327764768
327765239
327765288
327765579
327766186
327766608
327767600
327767680
327768188
327768199
327768439
327768669
327769768
327770199
327770588
327770839
327772639
327776782
327778439
327779086
327781378
327781579
327781786
327782379
327782579
327783279
327783788
327784178
327784299
327784345
327785039
327785279
327785285
327785379
327785775
327785986
327786279
327786288
327786366
327786379
327787186
327788086
327788846
327789488
327790488
327790986
327791388
327791739
327792023
327792168
327792199
327792486
327793068
327794004
327794766
327795086
327795444
327795479
327796039
327796388
327796468
327798088
327798168
327798239
327798339
327799486
327799932
327799945
327799970
327800019
327800076
327800092
327800096
327800406
327800588
327800939
327800968
327802068
327802225
327802479
327802779
327802986
327803050
327803486
327803779
327803799
327804068
327804179
327804639
327804868
327805239
327805279
327805386
327805553
327806086
327806239
327806286
327806379
327807368
327807379
327807579
327807639
327808003
327808021
327808051
327808982
327809539
327810008
327810179
327810579
327810779
327810968
327811001
327811151
327811156
327811176
327811379
327811639
327812839
327813223
327813679
327813839
327814081
327814234
327814386
327814588
327815415
327815439
327815444
327815543
327815579
327816379
327816388
327817239
327817839
327817968
327817997
327818086
327818381
327818483
327818739
327819739
327819799
327820620
327820679
327820799
327821068
327821699
327821768
327821786
327822014
327822253
327822339
327822579
327822639
327823669
327823679
327823988
327824179
327824969
327825879
327826599
327826939
327826968
327827468
327828086
327828207
327829086
327829088
327829586
327830266
327830268
327830368
327830479
327830986
327831588
327831966
327832068
327832083
327832386
327832532
327833639
327833768
327833786
327833788
327834179
327834386
327834739
327834774
327834979
327835286
327835288
327835768
327835899
327835986
327836079
327836279
327836393
327836786
327836968
327837117
327838786
327839183
327839366
327840239
327840539
327841086
327841641
327841668
327841679
327841788
327842079
327842279
327842992
327843086
327843266
327843966
327844482
327844489
327844579
327845084
327845088
327845186
327845586
327845839
327845989
327846179
327846664
327846899
327847286
327847368
327847568
327847639
327847679
327847886
327848427
327848470
327848783
327848786
327850002
327850268
327850386
327850803
327850979
327851839
327852223
327852239
327852339
327852368
327852839
327853299
327853479
327853679
327854079
327854440
327854539
327854686
327854768
327854868
327854879
327855239
327855520
327855986
327856279
327856486
327856667
327857186
327857268
327857986
327858339
327858501
327858564
327859639
327860004
327860339
327860439
327860468
327861114
327861699
327861839
327862039
327862179
327862344
327862552
327863234
327864239
327864539
327865365
327865799
327867079
327867139
327867166
327867379
327867599
327868182
327868603
327868654
327869366
327869586
327870660
327871110
327871479
327871566
327872679
327872739
327873039
327873444
327873466
327873586
327873883
327874039
327874639
327874979
327874988
327875579
327876279
327877768
327878099
327878756
327880007
327880368
327880468
327880568
327881081
327883068
327883179
327883599
327884186
327884224
327884239
327885879
327885968
327886279
327887386
327887639
327888085
327888154
327888425
327888439
327888461
327888474
327888625
327888648
327888773
327890386
327890486
327892086
327892168
327892539
327892639
327893079
327893966
327894139
327895489
327895768
327895986
327896399
327897188
327897386
327897568
327897586
327898486
327898930
327900086
327902186
327903086
327903866
327904386
327906663
327913786
327916479
327920879
327921299
327921799
327929539
327930779
327930839
327931118
327933304
327933329
327935225
327938586
327939990
327942168
327942968
327944144
327944467
327945299
327945988
327946066
327947547
327952968
327955768
327961761
327965066
327965865
327973773
327974439
327975786
327981699
327981786
327982939
327983234
327984039
327991839
327994334
327994441
327995086
327995795
327999895
328001386
328001501
328002386
328002499
328002579
328002986
328003234
328003503
328003679
328003788
328005321
328005379
328005479
328005766
328005968
328005988
328006399
328006499
328006588
328007139
328007337
328008499
328008939
328009066
328009086
328009168
328009488
328009768
328009788
328009879
328010279
328010474
328010481
328010689
328010793
328010871
328010968
328011129
328011272
328014001
328014768
328014779
328014839
328015266
328015268
328015979
328016166
328016399
328016488
328016499
328016664
328016679
328016739
328017199
328017388
328017686
328017887
328018079
328018166
328018439
328018701
328019168
328019299
328019419
328019486
328020412
328020471
328020573
328021083
328021139
328021179
328021486
328021488
328022879
328023773
328024399
328024486
328024579
328024586
328024739
328025166
328025239
328025379
328025386
328025388
328025486
328025551
328025586
328025979
328026002
328026299
328026388
328026779
328027086
328027669
328027986
328028986
328030230
328030358
328030515
328030778
328030839
328031003
328031171
328031277
328031293
328031379
328031439
328031966
328032603
328033234
328033301
328033319
328033486
328034399
328034679
328034786
328035299
328036660
328037099
328037168
328037186
328037566
328037699
328038499
328039388
328039599
328040007
328040171
328040282
328040318
328040372
328040400
328040476
328040813
328040881
328040885
328040976
328041179
328041299
328041586
328041704
328041771
328042139
328042939
328043499
328044039
328044179
328044299
328044403
328044899
328044968
328045557
328045788
328045839
328045886
328046226
328046662
328046766
328047186
328047686
328047839
328047868
328048239
328048839
328048878
328049586
328050168
328050386
328050401
328050409
328050556
328050578
328050689
328050813
328050838
328051070
328051072
328051282
328051586
328052168
328052229
328052539
328052699
328052882
328053113
328053286
328053639
328054168
328054286
328054288
328054505
328054579
328054779
328054954
328055528
328055572
328056039
328056905
328057186
328057305
328057368
328057447
328057786
328058444
328059286
328060278
328060312
328060383
328060398
328060406
328060510
328060523
328060615
328060664
328060690
328060984
328061039
328061108
328061171
328061192
328061293
328062979
328063586
328063988
328064266
328064468
328065279
328065288
328065886
328065965
328066439
328066479
328066586
328066658
328066968
328067139
328067306
328067639
328067706
328068339
328069068
328070397
328070407
328070476
328070480
328070572
328070672
328070680
328070683
328070870
328070973
328071180
328071386
328071444
328071739
328071839
328072075
328072579
328073088
328073123
328073539
328073553
328074188
328074668
328075039
328075179
328075335
328075579
328075969
328076168
328076234
328077139
328077728
328077752
328078339
328079689
328079839
328080313
328080539
328080690
328080776
328081273
328081899
328082408
328083099
328083908
328084279
328084368
328084441
328084599
328084786
328084808
328084886
328084968
328085179
328085299
328085639
328085839
328086739
328087086
328087486
328087739
328087987
328088179
328088186
328088768
328088786
328088817
328088845
328088851
328088856
328089466
328090115
328090239
328090375
328090608
328090718
328090721
328090768
328090783
328090897
328090975
328091005
328091109
328091172
328091221
328091291
328091379
328091388
328091539
328092386
328092779
328092799
328094186
328094479
328094839
328095179
328095186
328095568
328095579
328095795
328096039
328096186
328096379
328096599
328096799
328097468
328097778
328098444
328098448
328099739
328100386
328100575
328100677
328101283
328101386
328107639
328110571
328110795
328110969
328114443
328120839
328122275
328130669
328140114
328140385
328145139
328146979
328147770
328150007
328150383
328150939
328151468
328152039
328152186
328153468
328154199
328154440
328154786
328160908
328169386
328169439
328171193
328171239
328171775
328177366
328178017
328180422
328180671
328180683
328186079
328189488
328190008
328191417
328191679
328192188
328194388
328197419
328200063
328200375
328200687
328202060
328205339
328205679
328209139
328209286
328210385
328210639
328210912
328211379
328214774
328219009
328220593
328223003
328224299
328229788
328230206
328230768
328240183
328240386
328240397
328240871
328241975
328244788
328246488
328247586
328249879
328250615
328254579
328258880
328261094
328262695
328263779
328264579
328267026
328269179
328275139
328275186
328276539
328280602
328281003
328283179
328285739
328294039
328294179
328295088
328299129
328300025
328305088
328305386
328305989
328309449
328309586
328312786
328313103
328319786
328322293
328324448
328327139
328330679
328334899
328336446
328336986
328341771
328341889
328342112
328342639
328343199
328343441
328345885
328347639
328348879
328350168
328350330
328352772
328354879
328355186
328355279
328355530
328360836
328365539
328371968
328375005
328376986
328377088
328377382
328377791
328377796
328381786
328383845
328384039
328385186
328385438
328385639
328390279
328392168
328404084
328404240
328406234
328407539
328408448
328412838
328412899
328417939
328419841
328423966
328424271
328425286
328425568
328427557
328434279
328434386
328437388
328442539
328443199
328445386
328446086
328447268
328447889
328448339
328450586
328450791
328453253
328455969
328459766
328462786
328463379
328464655
328465579
328467067
328467388
328467579
328470879
328471288
328473068
328473969
328474386
328476099
328476179
328476739
328481379
328481748
328496788
328499902
328502139
328502228
328503988
328506399
328506588
328507186
328510009
328511286
328518879
328521086
328522879
328523768
328524239
328526139
328527186
328527552
328528884
328529268
328531966
328540139
328542268
328543779
328544368
328547939
328548579
328548766
328549386
328550639
328554039
328555149
328555704
328555785
328556188
328559079
328559139
328563468
328570086
328570220
328571237
328574966
328575079
328577757
328581551
328584179
328584586
328584886
328589786
328591168
328597186
328601889
328602239
328602662
328603786
328604039
328609788
328614766
328620660
328621679
328622274
328624039
328626579
328627839
328630939
328632332
328636960
328640164
328640566
328640990
328643379
328643988
328644788
328646263
328647007
328648388
328653588
328654446
328655520
328658079
328658139
328665553
328666492
328674279
328674448
328680639
328685339
328689099
328690199
328692186
328692539
328692799
328693086
328695879
328696079
328696539
328697139
328697579
328698539
328700188
328700679
328706339
328708608
328709345
328710588
328710779
328710915
328714371
328715099
328717116
328717186
328721099
328732968
328734268
328735579
328737309
328746539
328747413
328747539
328750234
328750868
328751739
328753086
328755168
328756439
328761113
328762979
328764239
328766139
328766539
328770486
328773769
328774388
328775879
328777241
328781699
328781799
328782679
328784568
328786488
328792019
328792386
328792692
328793099
328794199
328794443
328794699
328797597
328801099
328802039
328803179
328806106
328808482
328809479
328812068
328814539
328817268
328826188
328827499
328830278
328831439
328832486
328833354
328835079
328836079
328840679
328841299
328842279
328842339
328842788
328843699
328844788
328845579
328846186
328846299
328849049
328849079
328849084
328851086
328854979
328855573
328857168
328859288
328867188
328870468
328873539
328874939
328877477
328878439
328883624
328884186
328886347
328894686
328897286
328897699
328898179
328900010
328900239
328900486
328900539
328900690
328901001
328901268
328901301
328901479
328901566
328901779
328901939
328902490
328902539
328902599
328903088
328903099
328904386
328904590
328904639
328904779
328904866
328904886
328905234
328905679
328906186
328906188
328906639
328907337
328907466
328907886
328908299
328908766
328908839
328909395
328909439
328910439
328911107
328911125
328911386
328911579
328911788
328911980
328912239
328912639
328913003
328913379
328913599
328914379
328914479
328914766
328914878
328914989
328915079
328915086
328915139
328915239
328915339
328915439
328915768
328916079
328916968
328917086
328917499
328917579
328918039
328918699
328918879
328919122
328919160
328919466
328920039
328920242
328920268
328920439
328920539
328920568
328920922
328921007
328921279
328921699
328922039
328922188
328922199
328922203
328922250
328922270
328922287
328922442
328923113
328923786
328924068
328924368
328924786
328924994
328925139
328925168
328925321
328925639
328925788
328926479
328926488
328926592
328927039
328927479
328927887
328928079
328928486
328928778
328929099
328929231
328929242
328929839
328930186
328930786
328930788
328931039
328931093
328931639
328932139
328932188
328932486
328932579
328932586
328932934
328933233
328934068
328934224
328934543
328934586
328934588
328934799
328934988
328935099
328935179
328935586
328935739
328935766
328935786
328936279
328936339
328936446
328936599
328936788
328937079
328937088
328937368
328937568
328939068
328939362
328939466
328939566
328940399
328940688
328940939
328940944
328941119
328941464
328941474
328941479
328941588
328941788
328941942
328942088
328942168
328942332
328942679
328942939
328942944
328943639
328943766
328945179
328945894
328946179
328946188
328946368
328946486
328946639
328946988
328947539
328947899
328948079
328948086
328948139
328948239
328948434
328948539
328948579
328949179
328949186
328949188
328949892
328950079
328950188
328950488
328950669
328951239
328951399
328951479
328951579
328951689
328951879
328952039
328952099
328952332
328952639
328953439
328954068
328954088
328954588
328954639
328954799
328955597
328955639
328955986
328956388
328957099
328957168
328957186
328957386
328957444
328957479
328957586
328957969
328958079
328958488
328958768
328959186
328959639
328960005
328960191
328960286
328960339
328960499
328960599
328960639
328960699
328960979
328961079
328961179
328961339
328961479
328961486
328962179
328962396
328962499
328962699
328963479
328963779
328964039
328964449
328964568
328964664
328964739
328964799
328965179
328965199
328965539
328965799
328965988
328966039
328966624
328967179
328967268
328967586
328968379
328968766
328969088
328970499
328970786
328971086
328971479
328971579
328971768
328971838
328972186
328972579
328972588
328972974
328973397
328973444
328973989
328974068
328974279
328974688
328974986
328974997
328975239
328975379
328975439
328975699
328975707
328976399
328976479
328976639
328976838
328977499
328977639
328978068
328978139
328978679
328978739
328978981
328979086
328979994
328980779
328981266
328981479
328981639
328981879
328982079
328982379
328982479
328983079
328983086
328983088
328983479
328984004
328984168
328984199
328984286
328984379
328984399
328984447
328984569
328984788
328984879
328984939
328985039
328985079
328985486
328985498
328985499
328985739
328985768
328985775
328987079
328987198
328987839
328988804
328989290
328989831
328990004
328990379
328990539
328991291
328991579
328991586
328991786
328992066
328992439
328992639
328993086
328993479
328994239
328994439
328994739
328994839
328995286
328995839
328996486
328996539
328999351
328999502
328999694
328999750
328999820
328999844
328999891
329003903
329005060
329007388
329009468
329010866
329010896
329012566
329015286
329020103
329022206
329030005
329030566
329030685
329030784
329032442
329032689
329036579
329036936
329038887
329040811
329043504
329045878
329047139
329049969
329051078
329055188
329058878
329060407
329060612
329062406
329066446
329066647
329068399
329075979
329079699
329080100
329080575
329081379
329082486
329086788
329087768
329088824
329090394
329091039
329091297
329094379
329095209
329097566
329098880
329100086
329100093
329100476
329100684
329101766
329106579
329106710
329107679
329110900
329110915
329113711
329114879
329120386
329124768
329130189
329130603
329132466
329132713
329134768
329134988
329145995
329146499
329146968
329146986
329148008
329150191
329150484
329150714
329150796
329152379
329153253
329157227
329160897
329160987
329161086
329161276
329162772
329163288
329170497
329170776
329171768
329180374
329184440
329184568
329185486
329185988
329191180
329191539
329194186
329200308
329202788
329203268
329206568
329220105
329220597
329220806
329220912
329221599
329222710
329224924
329226579
329231839
329240372
329240481
329241215
329241669
329243279
329244586
329250572
329250975
329254799
329255590
329256776
329257774
329258299
329260484
329261084
329261282
329262586
329267339
329268786
329271175
329271539
329273099
329274539
329275586
329276188
329280897
329282831
329282853
329284449
329287228
329288864
329290276
329290405
329290501
329296086
329300286
329301281
329304179
329304868
329307268
329310296
329310396
329310406
329310811
329311171
329311195
329313183
329314939
329318488
329319766
329320979
329322281
329322772
329323283
329333788
329342539
329344039
329344979
329349366
329355520
329355639
329360689
329361679
329364479
329367139
329367566
329368039
329370345
329371239
329373266
329374588
329376937
329377742
329380579
329381976
329383892
329384799
329386479
329387988
329389068
329394879
329398880
329406665
329406986
329408884
329410388
329411881
329414774
329417773
329418228
329420288
329422250
329424839
329425739
329427539
329427868
329429986
329436664
329439266
329440379
329447279
329451139
329451739
329454286
329455739
329458268
329459788
329462168
329463068
329465115
329466336
329466345
329468338
329471286
329477099
329482442
329489179
329490288
329490388
329490969
329493331
329494044
329494568
329495339
329496566
329496663
329498049
329498588
329501099
329503788
329504668
329504779
329505799
329508339
329509080
329511196
329515066
329515125
329515160
329517386
329518979
329520669
329522839
329522878
329525879
329525986
329526599
329528799
329531379
329531453
329537586
329537939
329539878
329542286
329544354
329546968
329549339
329550686
329550968
329554679
329555273
329555415
329558279
329560279
329562479
329563779
329571237
329575723
329577765
329579992
329581339
329581539
329582879
329588179
329588875
329598739
329601379
329604168
329606031
329607688
329607868
329608188
329608786
329609279
329611599
329611768
329614879
329617168
329617386
329619179
329620239
329621879
329624086
329627739
329628168
329628468
329631279
329634669
329635286
329638878
329640764
329643086
329644568
329648188
329649286
329650368
329650550
329650988
329652552
329662639
329664379
329665673
329666031
329666722
329670299
329671768
329672379
329672566
329673188
329677839
329680379
329681179
329690269
329696904
329699466
329701115
329702068
329711221
329712086
329714239
329715288
329718979
329718986
329720186
329720568
329722066
329724479
329726539
329726667
329731116
329733179
329734088
329734868
329735988
329737188
329738228
329738986
329746679
329748969
329751235
329753459
329753468
329753739
329755179
329757039
329765768
329770330
329771586
329771976
329774839
329775168
329775186
329776599
329776665
329777536
329782168
329782578
329782799
329783279
329787689
329792439
329794539
329800186
329800786
329801639
329802788
329803139
329804786
329804994
329808028
329810368
329810379
329810779
329811142
329814586
329815779
329816286
329817968
329821976
329823539
329824004
329827366
329831739
329831768
329832039
329833279
329836799
329841118
329841379
329841779
329844774
329847168
329849739
329850350
329852689
329859599
329861779
329862588
329866539
329872566
329872968
329874286
329877715
329877754
329880368
329881039
329893539
329894739
329895739
329898954
329900053
329905579
329908986
329909002
329910939
329910968
329911086
329913739
329914966
329917439
329918878
329920579
329920966
329921321
329926239
329931879
329932139
329932768
329937868
329940468
329941879
329945366
329945779
329949368
329949432
329950168
329950880
329953286
329954689
329956486
329959507
329960286
329963286
329964786
329966614
329970989
329971345
329977713
329978068
329979773
329980539
329980889
329981279
329983098
329987139
329992539
329997588
332000509
332001566
332002224
332004088
332004586
332012566
332014686
332016079
332019234
332021568
332026386
332027168
332027368
332030602
332031221
332041002
332044288
332044439
332044599
332050286
332050674
332057444
332060629
332060660
332062139
332064568
332065639
332067179
332067806
332071586
332072221
332072968
332075579
332077279
332078969
332079088
332079386
332080884
332084004
332086608
332086766
332089139
332090884
332092179
332093457
332095539
332095768
332100072
332100305
332101109
332101279
332104279
332107199
332116781
332120968
332120978
332122631
332125550
332127368
332127386
332130106
332130279
332131180
332132839
332135639
332138739
332140104
332140574
332141400
332145639
332150774
332151339
332153786
332160414
332160488
332162639
332165239
332165516
332169088
332170475
332170900
332180781
332182399
332184818
332185199
332185445
332187266
332187739
332190115
332190215
332190581
332191082
332192391
332194239
332196662
332196782
332200048
332201094
332206539
332206839
332209839
332210614
332215268
332216288
332216786
332220773
332230778
332240176
332240405
332241076
332242768
332247279
332247299
332249424
332250450
332252341
332252739
332253279
332253786
332254879
332260302
332260604
332261174
332263488
332264586
332269088
332270183
332270378
332270470
332272719
332273139
332275986
332276799
332280728
332280792
332280904
332281739
332282983
332284179
332285139
332291094
332295005
332297188
332300173
332300396
332306439
332307268
332307468
332310690
332310875
332313107
332313381
332314139
332315676
332320311
332326563
332327669
332330768
332333120
332341466
332341834
332343788
332344739
332346239
332348734
332353153
332353853
332355286
332357635
332358118
332359234
332361139
332361889
332362139
332369739
332373466
332376139
332377239
332380539
332380599
332380786
332384774
332384839
332390679
332392588
332393450
332395168
332395286
332396664
332397299
332401288
332402229
332402439
332403450
332406468
332407775
332408439
332409229
332409679
332409939
332412878
332414565
332414966
332415779
332417286
332425499
332425799
332434139
332435035
332437199
332437239
332439488
332440007
332440788
332440839
332440968
332441268
332443166
332445086
332445866
332446986
332448568
332449586
332453286
332453545
332454268
332454639
332457439
332467772
332476286
332477686
332480839
332486639
332487886
332493886
332495168
332499388
332499588
332500450
332501486
332501739
332505095
332509839
332510110
332511104
332511181
332511851
332514186
332514566
332514579
332515121
332515186
332517966
332522325
332524123
332527966
332530579
332530786
332530966
332532766
332533304
332536266
332537179
332538653
332544322
332545490
332545499
332545879
332546939
332552539
332555491
332555734
332560360
332560669
332576899
332577721
332579986
332580002
332581786
332583663
332584004
332584442
332588379
332594468
332595539
332600988
332601586
332603268
332605339
332606286
332609039
332609166
332610339
332611145
332612388
332613234
332615088
332616132
332618239
332619419
332621839
332622251
332626784
332627379
332630879
332630979
332631221
332631266
332637288
332640568
332641579
332643223
332646139
332648968
332651779
332652399
332654399
332659878
332669179
332670239
332674966
332680295
332682379
332684000
332684539
332685539
332687771
332694199
332694299
332700062
332700139
332702373
332705739
332708539
332708939
332711153
332714442
332721039
332721339
332721568
332722839
332729188
332733179
332733325
332735673
332743663
332743879
332744939
332745766
332746226
332747430
332749879
332750168
332750979
332751066
332755768
332764442
332764739
332764966
332766693
332770179
332770488
332771386
332772343
332773767
332777087
332783086
332787117
332787773
332787895
332796199
332800639
332808070
332809969
332811239
332813168
332814899
332815225
332815579
332815739
332815979
332817772
332818134
332822237
332823566
332830188
332830966
332838933
332840868
332842343
332842599
332845399
332845786
332846184
332847007
332848039
332848910
332855879
332857279
332858521
332860839
332862086
332865199
332865486
332868823
332870568
332871271
332873568
332877742
332884068
332884483
332887232
332888172
332888510
332890669
332892439
332895553
332904439
332906739
332912839
332913929
332916079
332918788
332920986
332921179
332925539
332927886
332929240
332930530
332931788
332932943
332933486
332935479
332937839
332940168
332940466
332940568
332942882
332944405
332944979
332948885
332949445
332949886
332950006
332954054
332955505
332955592
332961279
332970986
332972139
332974468
332975168
332975899
332984839
332986086
332986679
332987286
332991488
332994379
332997266
332999098
332999273
332999409
333100294
333103553
333105879
333106510
333107068
333107286
333109488
333110486
333110986
333112839
333114586
333120206
333120291
333120392
333126664
333130671
333140276
333141973
333142179
333144099
333144266
333147639
333150409
333150484
333154939
333156525
333160280
333160283
333162479
333164186
333164334
333166079
333167557
333170312
333170791
333171108
333172117
333174988
333180192
333182669
333183223
333184539
333186929
333190488
333201739
333206079
333208766
333208778
333210939
333216439
333219161
333221879
333230876
333237266
333240640
333240770
333241008
333241479
333241579
333241966
333243386
333244079
333244139
333247499
333247968
333250883
333253768
333257239
333257388
333257768
333260179
333260507
333261526
333270486
333272539
333273689
333275639
333281081
333287186
333290293
333290613
333290985
333291284
333291739
333292249
333293450
333294639
333403186
333404186
333404386
333404599
333412239
333413124
333417339
333418088
333418141
333421001
333423204
333423489
333424311
333425799
333426142
333432822
333437268
333438384
333443834
333451554
333453266
333460386
333460968
333461446
333461886
333463199
333463969
333464766
333464884
333470879
333474763
333475839
333477366
333478186
333482772
333483068
333483282
333490539
333491294
333491654
333494920
333496488
333497007
333497239
333499495
333901175
333902486
333903459
333904699
333904766
333906030
333914068
333915079
333922693
333927770
333930239
333933430
333942986
333943588
333943743
333948379
333950139
333951086
333952088
333953679
333955513
333957188
333957499
333959545
333960286
333962139
333967299
333969931
333971479
333972239
333973883
333974442
333974599
333974639
333975368
333975551
333975639
333976097
333978166
333981481
333984739
333985198
333997597
